121190.71421054697
166888.01302754233
200710.61291574745
196387.96360255944
196697.66008492472
170528.73120935226
173799.23126691775
165796.16040491953
182911.41714377663
122742.34193433165
191536.43436932375
90314.0153160198
100243.49020449698
153323.87830833564
119405.59055672701
385346.48608798155
264388.42778551887
295340.0055420597
282653.133832057
512378.91618678166
324236.52556235605
206730.0559040722
167104.33471547504
165775.0503870238
178412.09237944207
198102.13325529307
342579.66214638395
225548.41096874943
208053.13535504058
207248.184077702
187030.54331818767
99556.98069430963
175206.30535423168
299492.27120277897
298799.5635604986
217154.87193081502
173943.2908826261
159734.22738255994
157647.40408995477
153121.7767322762
171056.22466873546
148583.15894624943
312273.4015270204
241350.29004851045
221861.45806302014
199641.07765613592
269259.892421292
200783.7179119564
165173.1730927996
144311.60887215746
143012.50825147357
179646.38388857813
139870.9562672681
171215.17229691154
180516.05369888493
150600.56179148526
165871.93692876401
129443.96502533313
213591.0302650959
135313.25794496483
133779.19415807485
168570.73522381883
117891.25928043631
123360.8753257844
122958.8344596638
126567.30145384051
105930.55185715314
137523.92262310217
141415.19551152262
171461.86394843736
110893.38215775084
105347.83262794356
147153.32152754706
123711.4723633667
167461.4033446638
116892.42227134715
66786.21078378403
169270.30956721696
194938.1607135418
92774.44023060401
146616.35382500157
141659.58126957237
224058.2295391185
83097.08800197153
116841.79738029832
126930.10748685316
136702.60554273284
141326.3794073544
102930.53038797624
127424.89097110172
125295.99200957402
133445.95335799485
148240.86142109553
116533.04500334452
182432.81336122964
97427.72118722915
110423.14588555858
94033.34960360701
81396.6669847205
134392.9847288729
115289.4899655396
127615.46224964694
120354.55124845242
153788.47802529225
142388.00736542168
228702.30024377274
76856.64849333909
222618.4677790826
137123.504062109
140544.82663352735
111803.16745095783
146014.89334274858
236967.94757067878
94095.55813082444
212684.71029701503
219369.31121920882
192104.45814934414
149581.19598779967
147400.43710503788
202431.67297364533
154894.71851895686
133044.1908587484
327184.5983944084
224897.17889033924
140848.590403581
74598.95518816849
102965.38916965075
139443.5206228115
105520.6458618997
130104.96286569162
100847.32271525444
114227.0245477924
124935.00070652844
131750.01239055512
116175.57863287376
238852.08877182764
189611.07685929284
190276.70138078724
165961.99650523235
162532.6606966688
68762.67682317282
112742.8102107814
71873.3824785415
276449.2412136367
233645.50222290072
165884.74109797325
160655.67514834076
216307.13954491608
196468.71145831503
157859.28246976048
135620.14646347988
156711.0892942876
152605.00365965095
116941.89513079883
85489.1385624108
71212.13157241087
93270.86435499985
126925.49662557199
132253.70416360217
138754.5095894215
132820.92929068912
136542.29675821998
249856.0415691574
186542.53589461304
123923.4855703379
152891.41105327813
190856.29662748202
271695.79736971454
173313.08989936233
381216.181235659
214956.8228906766
251888.37927308053
172107.6303382604
188747.51799979887
178969.58333209436
153954.33831930402
200851.70485301744
205707.29741077582
182238.6179724553
288592.23252920056
181416.38913342208
221601.14085237257
223602.3451344884
232347.78643023947
193867.2485366055
163012.03316164308
160430.39628791471
132545.2115916457
137891.98435323048
120045.11617041509
119771.17838746887
91281.74418682915
92622.98320468546
147035.90643420944
148482.3844132986
147703.56327705336
147832.72987465054
141052.78431098256
128035.13214885748
144109.40324256723
478019.6064362792
416392.3290501758
409479.72088031773
521415.7180363132
320050.92556126014
326006.688747117
379579.74879222777
341837.5689576053
297038.26719497243
364156.4777761102
277658.2771153623
489960.7702257447
289564.79833086825
244319.74555009432
190103.0393883187
193537.7088743094
234297.58764559604
504683.3746286104
404566.7190757869
371766.6975454469
258270.66792812516
298688.0966177483
181275.73672864828
177614.66401508337
168402.84693777002
161305.43645338132
165450.42302904173
189160.0540640424
182485.67071100834
191958.31739041067
177787.86865718992
254600.33815029066
166967.6727257041
176279.42081941201
164168.26593008183
276062.8087453557
168833.29756597706
369793.98473421944
322441.8772831736
242686.16278199162
275211.7280241977
275222.4500484005
259632.94777702537
301449.3848892271
232567.5984111091
467927.7538545058
223777.35394648716
214290.8035089467
289255.6395655267
221796.4477658828
256779.27467956833
273582.3735591092
280265.87057463557
225015.43656980334
200506.82723425745
190900.79041819595
176489.07563230218
134605.54008559656
194417.3532650202
251097.56476593282
169978.5303303361
126190.74515024152
157948.69030699227
211857.5066464203
235988.4903496464
191161.13551314248
159362.48581811212
186792.99378515026
164212.1649794405
148313.74688458224
122446.99338703332
133329.04504545554
117547.92558926131
122128.93704994203
135647.41126650712
113699.63818941737
350032.59549452603
224202.36300613
294278.22474829346
221210.949212073
191281.13387444514
168281.65755155325
176737.59356119222
316795.3616787046
227023.11683892782
208521.33473979414
220649.0376760905
234232.26208576479
154862.35041799498
145423.98251344802
253347.53707460852
116104.53112596346
149382.1123349934
205849.04020681322
166549.2489846611
121309.03327746582
120640.9865952205
138927.9330772578
169242.22672943832
167047.32167503456
153589.236860707
165946.83545597
164189.93168924135
114948.55503408048
169011.7650748601
163894.88739678552
213067.36793609837
145051.31910721154
179475.4746325499
142804.8468237399
127310.25941486684
139213.95003708554
134234.8813229262
133550.6382810107
134984.58489129014
125682.72162384377
104935.29823572484
141933.55606796226
111025.98298352808
183270.80531916404
126551.03717831153
86646.25775914743
136513.90117727328
101075.92949793745
123669.88676416088
126539.9567892437
164633.99540865762
61931.02739535594
96063.99583590719
80810.86070467882
173969.37406344875
161297.82128698542
127522.12436515813
142996.8461008587
136780.9735301023
114725.29472743633
128842.6577441547
123432.93018124883
109644.8586874294
122563.39407186852
139280.39633451978
137244.15423573658
147256.67330479805
143076.44637989867
135486.63603390873
119537.42592374134
120525.93880344469
113190.77271865636
118641.79089205516
142103.711750713
99614.68844902111
98997.70467222203
127457.1922382913
95664.819587147
51911.857175946796
90687.61694505886
110767.41082483117
148903.93615006717
126885.1582526331
54619.13855460831
102837.20154793716
144463.7355746853
40034.59417483191
137213.93740302848
124960.95324969586
98026.06280396793
107231.36401924366
129713.68571605989
107695.82713875205
133317.3606732326
160798.59904626381
94138.68805850252
140629.19512619692
128764.03494033181
128796.07033362919
123788.74025858867
101882.10137811741
134169.45472010577
87277.49841932685
159245.48617826359
137227.0423976865
70877.65847346061
139162.9680714263
126138.7010983064
134091.29852595666
150097.3046595777
167305.72554606918
62286.57664719772
103382.02762162958
114539.42326053389
154790.16508656286
124833.94756367659
131065.56060276632
178429.5227651797
147287.3963445029
215562.3916326921
162523.1986498527
142955.8823886551
119349.70920596547
158681.0179954167
119288.54437179584
297674.261043418
291344.74960324104
291344.74960324104
310929.8344940694
334176.7646143026
239305.72740644868
319654.6327856863
216271.2957867998
245401.24978949808
242714.33120514458
161918.64572131904
236184.66633161632
142856.33197386944
205230.5443408523
196071.82472328574
214246.67816150934
211538.20002811655
133822.08553826335
141262.30849934075
238052.55116215913
248128.37261167038
198176.9638838196
202573.10888330065
246996.45881507947
308882.3444768128
207627.61237223956
274465.2281069432
158854.6606487466
124777.57317781108
145501.9494449743
105427.65294134666
127380.89933926603
123566.31216909456
142521.3432091708
122500.83555127829
118208.10545066031
109800.42060983015
161212.22154265956
162193.25805936163
174586.71300804015
144142.3731627383
217420.84822753767
146179.39114561817
192200.54580731114
179880.23757991218
203000.82977652608
108616.43379613342
137968.6021675542
119231.60198705884
201028.6843821201
322864.28427990887
153791.47943158098
54497.28779673458
314910.469247333
67739.93505553239
238942.8940331464
140352.741828978
163393.2754196107
152034.66796306905
456447.6334299487
322931.822020486
211346.3088242104
239230.84765520383
210152.04074512736
411626.4154320146
140066.42997706996
160080.81767179363
121413.63521821139
125016.81290697413
141577.898032128
139648.6275680346
165623.77667874238
181179.91321238954
170842.76718062922
186435.78540924488
183715.16701408045
171833.31600004187
250230.72151270055
193300.4868779823
180405.02621812385
187895.41962964475
181252.05369737375
326056.1696523898
375820.8714580569
146155.83362132273
313577.70580960286
174190.10097475402
242231.71403804148
184361.82618692284
244670.2917711159
228870.64816384006
163794.91128869407
196516.731050601
141303.51645393527
329563.4637496683
156129.3357351126
297203.6744718984
141352.04928914426
113602.23547603707
116385.18346668447
91587.78877244954
96388.62799154223
111703.01907792386
142468.43699851248
138046.96720564118
278526.6605506269
478788.3026486433
395456.76056792866
501565.2712331764
480721.3812630891
411147.7403389051
261978.6524389124
311446.9555420571
578485.7233964793
260902.76852417787
350620.17308993306
371195.3379740413
353601.0271144239
199310.95877683532
343964.96279883175
236962.4889022989
209380.59395197406
166797.78336434052
212678.54075147703
223438.67987146016
171524.16122935442
168554.9458793229
200549.85099589042
216121.97288929316
272954.8696901882
207304.12141727895
170786.2100528164
242062.3511023137
185637.17481301527
252634.76820344623
316180.5400846663
337893.41252680373
247974.95927197553
320482.7941601192
248637.18375389068
252456.61432338454
252857.22585248103
266880.39040310564
231451.9714082287
229372.750153113
248171.77241593684
216262.757866309
187702.5439327068
191893.89812399147
137243.43114533037
170623.45150717217
178390.92634011633
191898.4277639754
202187.29972596542
190260.0987978761
203060.52057749068
124803.68146712851
137412.9202191708
113290.6301261912
118066.46695872134
177042.67976722014
147143.66882230627
250207.76411544686
353643.65483466774
169070.34756214664
150332.61626130022
152925.81211845402
163907.7657059883
268494.1581286444
241760.99689366817
265447.5998132131
265637.38832780847
162742.9848298773
210546.99190778265
185438.96816246523
195361.5159092357
280213.79317168903
206256.23955655235
337076.5235625648
283179.9923132926
201718.4086566375
169237.52183206042
179457.86646673083
226412.8010945666
155567.49124870542
148582.53711727503
136408.1735290237
134606.97712059604
194073.33759041797
105257.96034982047
135857.42004618462
145070.67029787862
75749.88123478778
143198.43571073137
136549.1788348644
122537.45500789359
210482.31022048075
128628.00278207936
172184.1148228707
173327.9000473315
134283.61970869618
112518.65610313723
141244.35235185624
119002.23386172693
154069.62375721862
114305.42503712415
134676.2240123936
87080.09294836986
116234.81397546658
88357.11335561452
123671.42470036299
134560.2637614366
190221.25273464914
148423.09852774633
122638.27274379338
149969.29514023868
128353.64445363593
141853.16604599162
120594.77037623894
125122.34836468617
127164.77521836142
140754.00798026365
108994.20624745166
125893.47113229419
128161.85003326104
127257.24008497721
88586.39629287568
73091.72238206559
137606.75142391154
111846.54416894563
120767.69469639905
123809.5353059916
114152.54012282043
138041.38642701623
76643.52108903324
89868.18097076984
138208.1139869152
51099.14499549293
87364.26197245908
105173.68262874329
137512.21985185784
100332.18766175113
129155.36540843456
127347.9745666269
68903.48693934943
201406.18770716462
111481.62952807348
108867.33668507935
126257.0200300452
157134.43874622838
140126.40881220964
126273.65838916737
104732.0154347095
166309.5186286969
119576.25189372567
150909.45331607803
120914.20185162779
105516.93555688992
120569.24682961615
80971.60100041104
105825.63489720087
83434.39932952893
167943.99453721842
130312.70079521417
137664.45402663967
146958.83250818696
118537.08582809569
95679.8666623494
144734.48835933357
136332.3350674879
116130.10248856306
121923.3957397442
115096.93068247545
97204.8351688227
69647.79300384774
119235.84022308959
144632.4579479
148735.60599938268
140350.06186760383
132858.1956121812
126271.82520398154
139878.00420802008
114360.84114142241
137036.44181948036
162983.52186641455
160079.3995779102
140246.8653404726
141724.37809600346
220152.94672133288
111210.25881880276
171764.10511626277
167007.88315533087
103581.5031193377
140967.7831050853
271195.2362787548
225048.60197888434
237081.79274610977
201720.92564143598
165683.51180322893
234037.85332782823
382936.15679372114
360498.73888291913
225626.3081543861
185771.55569662698
147835.21297882215
215228.2136508836
202801.050236579
191580.2613913383
222985.3623048801
146399.91675348024
144925.07185891486
159804.8901355446
229208.53991566724
294722.9738572705
306549.79464029014
237502.99963157735
216556.34375916937
142842.78039893694
225809.13404275724
188882.82225889835
230687.3244111224
191219.25026776936
131382.60447882384
119628.47871971855
140815.04630432685
138675.4687104073
150694.11516677376
284404.2821975418
79679.574717444
83757.005408013
87428.86667856813
107500.77758624809
99843.5645680973
107217.46697545513
105289.56421000298
119978.42385825509
170302.00298748468
166772.030230813
149888.1527325297
146512.04311799904
213087.8274225825
138436.08809151364
189532.6910575063
125218.59023864986
142141.0764256958
211775.37183988636
245454.588143919
217211.2153613945
121783.45281928088
116475.50877669148
113327.48136122324
105871.28727864624
132443.5229706941
104350.58048075784
159773.97952551197
79070.25008349812
59304.58205084884
60687.76351752905
50074.89843770514
312149.81665683555
271612.2105962717
262579.01989435044
199659.57140742225
119990.2145382178
181718.85321749415
195545.89193238495
263665.28845067066
259463.62865515664
154986.76482520148
210104.38937008768
180052.0069834002
166353.1429360235
238041.8385869391
231929.91716609645
292438.1791274102
366230.53349842015
189864.82683587846
120791.37116230221
157214.7166759637
156050.26789969305
128333.55611472462
122301.40762141248
102360.04385002944
89582.57442901118
144563.50340294864
105621.35513118905
120337.91924725918
123723.81149025756
131848.1616513877
106095.1214716868
171523.40353686578
150756.9095032859
168087.80867027713
202652.61673168043
186739.50716386893
207859.93679910543
166158.51822736656
174812.73907509676
166855.2745519751
175003.18356297637
204816.07354186132
354513.5883825763
495853.529678634
181469.34170119461
290719.4121496075
393991.92398730863
395642.3805971019
158657.88679457828
200403.23482301048
218653.46661082574
204954.83625295848
167477.63499363215
186935.13319698427
167766.3119869586
191152.83757295008
198028.94382182608
150297.57680260163
128551.22830825846
124349.24329867914
159732.85737585055
177338.276791218
106442.71170298383
105991.28191871429
142240.02876221196
123813.85688617568
339709.00559344667
272012.5504286539
396180.86489259225
484213.3669000733
325114.17304821376
434626.1647567842
487393.5083993933
426178.44901779765
478752.00374463986
327503.6219245742
294368.0006542571
311700.85733748734
399230.01117667614
331681.65761281835
274989.84187634924
246157.90554123808
256841.50369922013
244116.54062186938
191905.44927804387
191120.9188439596
190748.0024468647
218039.70279032266
279808.61609808885
208558.0852412153
197404.66739925515
177691.70586474318
175381.8038767985
174710.5182806288
169563.38901694055
173106.65337654928
192521.97148867612
173557.52860891586
179321.3381367358
186523.5536462782
237282.86947617246
165429.43268860318
175115.6736608815
172300.83920380202
214628.31021404223
167376.77717021308
209419.74858863975
226149.20741238247
188154.91455151714
177054.18476522018
366957.76859662606
436905.3164973349
328603.41370203876
253219.82920410024
274113.7609124121
344780.402069481
217346.55442045268
279405.0267450755
232014.05877044925
395829.4314231744
227789.49467904182
244000.5464605446
224491.77457460703
232455.46503304402
242046.9619118053
215693.92327537943
201553.53785253127
237997.78673823757
167495.18795757336
279408.0358366808
241820.8517708653
248950.39834753342
246924.26719036742
134472.78945239593
147377.34015205462
157236.326695065
189612.79410747418
195471.57568371965
131416.80176686484
115327.9162236454
139438.50623631044
301315.34508178174
135759.4903610562
164681.92077818417
220727.0245075764
187133.82044540267
230587.35668447983
217645.19815943422
219822.6978955792
167018.60283414644
168094.58546101354
197178.35959756759
283656.6480587197
309596.28518441034
250397.94726590434
291242.09267648973
358291.85434151854
145629.32725979513
195216.32318519935
153415.96737760576
168530.43555833682
200200.1514425573
204089.7100549471
241129.97128179183
164175.79583466248
141608.91852803456
142049.38607531757
93048.86656393028
128570.42870673689
142423.79933316205
134656.3429566302
119454.22637849899
164112.8566703044
137597.03518066555
195270.18036400634
147274.7967979535
198533.9577711543
129357.88224752755
60248.02705175057
52549.8154168169
116119.7379482568
141365.72049157845
133109.15894377467
144167.33571866018
154269.00023876727
145210.91385080267
125281.27827413658
138366.72989167884
125145.87496044696
169939.80698062226
120369.05785592132
155845.93411097286
125752.85099576254
137743.22758686662
130974.63146096125
130522.49151127056
131391.49724413498
132344.60497865014
126730.19459484731
123232.98769923749
147222.56875040714
113524.36364558469
123306.40525290194
136490.18952211904
213910.0901915708
137702.33259153983
136920.90621942683
168236.98500205978
120683.79109236957
131431.0756072537
108433.53707600117
143216.7889132685
137704.77737338466
140981.7448938704
146272.48011079093
101180.96116184595
116441.81419781814
122564.0685825559
108042.87796130264
118989.97873577064
92712.90853492245
98917.58091398288
116863.6592265156
132046.41436872518
72501.91083801826
132995.31747798933
178993.68792326053
131191.35489707257
107023.91063381288
144940.29289355277
137616.5898039013
187366.44703061163
93071.1910440134
115117.15561722465
116687.79474893355
131465.12096347657
125509.15544918722
112294.63253487344
108295.33492136926
135012.7176055739
116235.2869491213
133993.6670028971
124341.941519634
172913.8117756512
141220.35045553968
111159.50791800494
140502.05472154482
73624.61523377307
75819.84127310649
195316.37303058922
207161.0935962582
164179.2793880722
120684.96122170528
84886.15793195677
214438.9220446986
113391.18779735932
132402.93256717862
151638.6058620854
104827.86295765272
134145.72704484782
114392.67350230279
133960.45658832727
115004.82656406879
125257.73231313047
130299.7472072143
154940.50410783023
175034.90271992478
159477.442682477
152481.71397060083
145609.81423270685
94951.32902899722
187006.31997878558
144973.08369894506
155285.40292823027
94603.35256117601
282291.64610154554
165094.9762379672
110033.91849536929
95741.04265633701
119515.89525170405
143936.066802218
144419.21694669424
97524.2514788401
170104.47828410793
216373.86148580493
250776.90078349478
301717.4864592977
246432.01429907486
212976.49003144077
223756.07752877884
177390.80938471013
207440.64315664695
220243.77139262678
235178.20444666455
146691.41058359455
166262.82726963313
140559.88197433235
152377.5860150717
213700.28219426365
208914.24416238134
185760.17907590067
215379.03855243046
130264.29028684263
135371.03077410522
146600.22436005677
145105.83493563964
111936.95667092876
130739.3123429357
142481.039840928
128761.26175497888
250917.858441629
221949.47339236434
199517.8151249339
226131.58462817856
323313.0688585767
235051.53173645775
227693.8477794601
180955.72427757483
191646.95272271943
171245.29770061563
180600.0010775947
165407.0900271223
128778.27541854797
126545.15713366383
136799.06968116714
135886.65965571618
125068.08364550165
141228.5925748185
149732.6698984094
561482.0240488608
150373.954418072
125796.38666529517
76893.82546769788
105103.5065725775
114656.03543857124
95760.65501502124
113997.10905016428
127207.98623043613
139200.0625277655
148033.45462214923
151796.6405808684
133975.39973040618
150582.7128407273
213113.89200345674
138810.7244318156
169247.35783463935
136696.94537026127
180383.49158558928
191868.37366505823
119518.14480013147
184344.8549890964
157631.13854323552
226154.50673272065
285625.23594497074
134856.25245427428
136401.47074690714
154061.37856192203
90598.13546858754
67139.95821364413
113381.74831282221
104761.42574118194
105434.46946199346
257208.52885184155
158323.88433966468
168310.6034266401
203169.45034432822
185891.47918691277
138177.7753620371
142824.60711814262
204842.14307168534
211423.82038756687
223754.84753201713
257514.45151220594
182929.32206738656
208636.03329739402
323179.6755518961
183416.00186025302
285481.27546378813
294674.9024972793
145888.56330594336
141066.4227529316
81831.30146051188
92620.83533238438
87272.12283628302
75286.60000271203
143389.90337636438
188408.3982907759
191133.67397381726
157008.74849046985
107209.67609516419
131302.9634195051
150571.67913740204
126615.01161534169
124773.78460352252
144234.16066442963
140411.7070167286
161796.33513770212
199357.08896004932
179195.58881808212
180896.79592135132
176362.39342641569
185220.33267459623
248200.00559211595
301729.0449943025
311627.1740867192
169438.84546756116
168671.12971753435
457399.1334026958
497224.04346825194
328043.305393377
429339.7866772876
417551.9590406236
310167.7948914792
403361.87367755314
159248.64060761954
186013.44461584528
171041.12933653765
258107.38185114472
192358.93161051802
161822.62791262643
107018.16997781572
174866.11891025936
97850.54254591682
131118.05957430849
96146.78498398539
92316.41090649455
104183.84683819728
137834.11526360761
141528.6614132251
139153.8312021738
138466.74639541752
434993.7458217715
234317.51069528874
248882.62652132122
408911.85559448163
305028.316666893
354496.72720353317
302552.87997416395
293068.8630120522
337482.48140949884
337267.4870961461
341963.27436869853
280107.48923056887
268900.2694346854
316824.9469515886
278458.6065911176
167571.76237641502
177569.430149626
170454.1890528409
261582.79870289066
179988.87445071564
195876.70846442605
211238.7722617605
209917.33858927662
160730.0601114671
178059.42469461274
190209.6490432218
248133.65165226042
273958.7877755246
272902.4049909647
437004.8871642614
319303.3110825522
526604.9146199423
308952.1983091565
333263.98457791226
270300.01967970474
324419.5462870469
226026.46792462812
200872.688660963
514236.54973921744
192262.99120546374
136320.5543406605
186579.12770179825
128413.76754607013
199522.08819584805
183933.2053395424
183608.4101292578
209264.83824474853
173177.29624512012
150609.6635439301
158948.3440404789
112179.06447535276
118859.6448210496
141689.33175451815
120940.13293301329
117510.33825797352
128863.0511451268
139263.08541052477
105672.59812381989
122882.45930771099
292770.39985959406
379806.6811095927
170577.7421443148
146407.86696097182
169130.8259974648
145008.45900494148
182438.9593482156
225156.8054529801
163724.203756334
181977.01012386673
137972.9935802307
169955.09637105546
149797.63516834288
131820.60817436682
131779.669427414
148044.94464495036
180670.5308719565
163789.04778808888
140033.43149172232
145005.34962043582
122644.41790731423
123261.18627291871
159974.8172078411
151640.43803859022
132433.9958639357
136865.76829757358
125135.65084899007
130676.49418402975
164480.8966481342
131711.04712338076
141829.26449628992
144145.52867863842
141450.64750655676
156353.18679112702
149789.19305128916
133893.2817698441
134447.50646603544
115724.97727181288
128848.41145961458
132008.26227517962
132449.6441092054
186622.58131149813
152569.31240924707
206042.07855766645
133466.3047006891
94170.68296344457
70632.38268523628
76393.81180366901
148055.2445790012
128837.95950356235
147909.61142438522
144827.75144776775
182905.5697445472
132688.6464183228
242821.0605050144
140318.9439881017
84985.64137734013
130319.53676225415
123794.70414602774
150442.8898233552
115250.45051568326
125319.64427727285
153811.38813935156
134612.96597258904
106832.6344405369
141453.72052462422
143404.604255375
101172.75762123923
112265.62449701143
104030.04688524255
97487.8658604429
87978.75440172963
106455.84919109075
124629.18498255183
132860.22553238118
60172.10683064027
122205.89098020659
70013.17291981213
178836.51588946863
94660.55104970941
113088.0373726569
55238.09995766354
162484.0152585315
95005.59155231442
125037.33329134401
89575.97187384732
174313.04438369622
101075.3721494449
119901.66285495377
70646.49136460741
109534.57518333835
136553.23243369092
148945.20233923165
125556.65885192978
96394.64292346868
84088.62486487602
148049.7105883367
148648.08347508733
136332.619849591
135955.60675066095
157687.37739993504
141969.90568490032
136327.58201129112
137432.79099933806
95011.9467627314
254211.17728748548
155227.22740117507
119234.91858125993
149958.9008381996
130400.19515511011
104700.1323696959
197755.64432457913
313695.3650808032
170878.61948689184
130408.46392377453
132553.8833760931
143688.9331847158
230860.79208149159
190358.59021505696
217433.11050291755
184693.00278925098
259047.09045254794
269771.11616454314
207307.62230548778
214730.11410807702
189473.22917065053
158180.21039419592
147761.78786138893
176872.997663589
197152.1906432927
210550.30579036882
230952.56027405462
158916.91494831257
165474.55468930845
125965.67071118529
219147.5030466281
193687.53558923648
226913.14192727784
197863.89049987737
269938.3269554471
235837.96052217195
230320.39753800572
227619.1110564877
140213.0254884718
204417.32484131685
205522.96995226454
186758.67802970333
209370.74511472872
125273.83828191656
119640.93384569671
123499.29150495681
176248.73915023796
125784.94085574252
227304.9724941243
142542.21828016712
134244.09918239168
87057.50930681145
98766.58927773358
117656.61197348601
127831.12730507585
84819.26936989232
41970.95527596762
106708.69468619232
134529.06226062382
127431.1403380973
171807.49961860993
138325.7135702824
184260.8150468112
134731.4548603686
101243.64478872444
149234.4655269859
181297.90890875473
202478.06277274652
205900.45406197663
189870.97817587646
208061.8461082505
98143.76448105257
130858.98095669215
59465.03565753434
78670.38113422562
148573.74197699572
51840.02486299031
77377.19184042417
42923.85031116414
303953.18084574345
279104.9556312507
182822.95676997324
144382.08442031915
204667.8900991959
150462.8785984468
218131.3808498636
189880.55293238626
336439.7532917571
344069.0779018793
103058.8901253363
191916.55759292023
106169.14331164489
132119.350173717
138300.11197839712
78830.94403199725
78282.82555617037
135849.5189668922
90677.75123360015
73594.02581701246
77129.27558684413
85474.76020359079
163530.6252978131
107669.83908684572
203544.77602694224
